1340447
1345618
1241507
1166292
750708
1262117
911691
689987
53669
1406080
849249
479998
130303
1441617
1234454
1076026
1292557
711843
808940
1374756
610794
1457800
320924
829624
1307353
452551
739669
736674
1187671
523602
1061474
763111
282691
765108
294779
631892
445496
79467
694298
354199
925869
50310
453267
1121293
1132603
1242525
1258737
589386
22033
404514
810624
720812
233198
988782
764772
746152
906085
653919
526420
313474
224676
199337
1389365
88740
600258
1118757
965888
564039
1078418
270588
534294
497115
858670
754012
612672
24618
1269161
182406
1422925
1454689
521354
1321657
1145448
99278
467186
100674
702513
606370
1263301
928780
385628
1444540
71307
668353
1103204
1074844
241731
1312385
1021386
395664
1422679
702446
737390
167659
1453957
750670
245544
556675
877098
473064
866816
1154462
366728
47082
481011
417840
535498
458420
1233767
637053
461116
714534
104776
479082
654367
745394
1328227
1415923
922616
371296
994702
136617
447369
1453717
68753
1176807
1100481
561476
606439
860619
1290578
370846
79601
799991
590995
352862
884657
392692
1198650
131124
861223
763352
859833
1418961
66362
203190
497170
601152
935542
506593
1197814
251896
320880
1285196
1041451
843776
235606
311768
196227
510536
1098739
396689
1174484
1314655
168845
157706
1137398
1373882
599785
238729
1194835
5363
155929
1334426
929596
1458387
752923
1425346
456488
529196
1278390
206700
1055680
949818
36061
839526
487020
573798
96417
292481
169014
585888
380370
229780
972849
279059
971958
1037403
169842
588757
1065280
293864
1073479
718688
251220
780233
176510
842776
1137530
515260
915724
1331323
246765
1185594
51411
678936
1351979
1325973
382059
464308
705470
465937
232803
1439166
1229983
864645
1328321
876621
949615
1001316
490450
1180238
1403693
973854
323047
1065900
230730
1242287
411795
431864
1453832
765274
471419
415025
1310059
520339
357059
1227078
940002
1140408
136723
5047
233785
640959
497872
297189
1460123
1031547
418219
371961
697225
808753
1193276
12414
754646
1070769
1429983
664293
122029
132369
966991
146168
892292
390676
275554
231301
1272205
391384
924545
1458466
361574
557944
1461279
545056
472551
1376222
1019479
478924
533948
557881
374150
550907
1125045
468175
652273
456821
1308953
327237
718173
101931
779322
494357
808851
1437847
192336
1287447
355893
748307
506499
221382
753067
40643
1192759
886819
1425309
1322197
1145800
348795
922514
103371
359412
331044
1460449
579384
1406663
459696
1023181
268577
1338995
832139
362556
1098767
760833
960407
1424600
1223257
1172028
1179280
250101
548654
1212342
752455
82214
573273
1238069
1106050
302123
491293
293725
1419011
1443942
1270152
738317
1201839
1157006
436003
926540
1134478
620049
353423
1410499
553916
294264
328511
872016
389367
800370
815883
552734
531306
1087373
1353033
1456056
1151988
596249
569487
471292
990082
532440
327420
846261
344886
1317327
831444
808853
1383973
1005422
237460
289469
6140
309125
584336
1184133
1289795
1130752
204880
1188507
511863
511469
546785
845215
144547
312953
1040356
311657
380368
1442510
227892
882961
568582
425661
250854
364943
360171
988499
937476
687902
611581
1367778
913871
892082
916442
1450875
990994
354660
646007
1364836
97606
340320
795489
1238958
703194
288445
1081980
444937
982560
1282007
375327
1177718
619847
354127
320883
1209624
960156
84896
1030790
1310138
494759
652815
443901
625269
1164357
458290
1234810
823519
570806
1285427
95591
797316
322717
683626
498461
1441249
271554
864547
29382
1039704
772430
24089
18251
45391
346739
438645
821861
136514
503917
476867
574416
1016201
776980
457877
267097
1169499
761409
650162
13940
286939
622547
627433
1197534
1416901
260397
1066903
356234
1296662
1218250
285748
206516
183285
517969
243702
980495
352548
863619
1095655
448334
576704
1229236
594354
1400120
16708
337369
491844
171754
537431
668641
867597
418185
453156
732910
673103
1211808
1359741
278473
1274479
288777
1082516
853347
334716
936592
711261
383618
391853
261129
648468
52732
364724
1105761
1192719
460213
511530
901126
549290
1042628
1450482
1451384
281982
548099
625144
240686
675505
524322
991594
1010063
792109
764794
589982
1249308
697607
187322
1435014
97502
285754
1437119
679954
982513
453027
1118529
467551
1449869
586174
1377673
236020
1434320
1440491
1433675
1356116
66220
1408835
1202601
931192
829823
1430256
561001
398147
998388
238325
789246
1352642
304400
120750
1180739
398242
581229
239198
450677
1246854
807405
350081
1108841
265454
464513
1002268
386945
327111
199726
849019
193490
219254
601742
1380109
1438448
847572
391544
632709
335857
313657
451699
221706
261686
136527
529720
416344
1394433
496348
365123
1109572
277824
922543
598294
1068212
229318
368421
377301
992344
183806
512399
523762
1324422
1390189
184207
431254
1247203
308164
262767
789647
286872
859658
572383
442500
693566
455040
411633
594424
879970
689937
586537
221023
314516
752545
152484
244744
821948
1051830
367333
1454634
869278
1163165
1423724
777783
1428699
805279
630944
1119501
272607
1196675
521942
453551
573453
361362
103002
1275107
1453181
455420
988169
1221413
1172254
368194
654721
1313046
1450536
1191606
640009
1006711
243135
971546
1196145
143625
532858
105874
579251
910851
619256
602574
250779
489373
784752
7237
921272
685795
695267
536840
453518
1105997
1194567
1181936
1053435
1046946
378187
879604
17298
226764
1368497
896574
497608
580277
523103
209784
1013844
555689
345868
682964
743664
740122
1431035
935370
193301
523123
826555
1433304
366882
830184
687593
1011195
785765
330119
212187
216241
517870
452007
113639
268123
482433
765148
75160
532828
516714
155548
917723
572943
308378
394143
399809
518029
292991
444844
1059292
770678
1357441
1426663
922572
718499
1171367
245672
397827
139305
661325
503276
1386631
1314997
339008
302581
261304
1105594
450035
181502
824580
742106
815277
1407488
363036
697160
96379
1256549
471300
1434261
480882
1191260
166546
168447
215795
242693
487384
768679
847449
1195296
526535
366367
1030863
339486
1431621
205826
326045
439811
189284
679700
357716
226952
1097331
812571
196707
201135
809817
546432
1434409
723131
171004
135388
744753
1002941
584066
882340
449411
351575
457412
466308
207790
526610
750982
371420
1454374
378472
360572
1058930
925068
576875
357181
309162
1394620
739565
380229
830550
570340
31766
490363
499825
525045
511302
501298
132038
437137
786732
1450894
1192698
537777
1274243
1461683
33224
847895
254030
636153
125356
521086
322092
5234
1063117
1321985
897587
420806
367200
932545
991548
1429478
596313
393803
479049
1073627
840409
867605
343625
647121
852578
768312
883174
1041684
617295
220328
439211
508497
1109468
911264
828083
356065
849354
1333860
1287524
1095110
1434998
394608
1170140
564444
218287
140418
986804
55222
492407
932937
156888
529771
296954
441348
924549
885680
506703
1416157
1103050
457914
879654
861257
806116
1269696
517602
818974
1014190
447256
649351
568904
321329
350655
1431280
326757
170254
1444536
386623
823150
353786
1075447
586919
1384220
170139
605740
313658
302688
283429
1461114
986816
1145732
1199136
997922
351397
440283
1049093
384529
1454678
100650
877764
670694
172629
1017161
384339
67545
655901
716244
135707
300601
1184161
1291758
457044
686238
575513
282302
692771
1378058
1154674
624647
526007
965483
706348
1099984
1053540
498792
1231725
422787
675689
108343
190469
582738
876931
622582
331442
452674
555759
594113
1151603
666244
1151790
1085776
610612
536041
619904
1298628
661494
968647
1093164
564313
635468
802318
471775
332462
481428
391317
280225
690334
1389476
477657
1279561
762274
1226476
1032698
607339
1065649
1349725
349398
1234333
1457227
587625
795742
958364
168152
465374
331748
445125
481038
890573
525474
490898
193928
108198
1035669
790682
1388199
172800
472359
334128
8699
1431910
683262
1249787
369982
945556
379986
10041
710896
895920
504144
563910
1375184
164084
1040186
534547
1028457
530091
591262
659071
641182
727693
678023
173369
1315632
357235
683986
1015308
49904
1460677
227701
448181
295093
581519
440380
208435
319253
240603
465754
138492
1452197
239465
1353981
263830
1081504
26452
646652
170512
1138216
1344448
268535
1247462
340528
1184165
1200532
454827
582928
309399
391377
639889
1335193
343330
355964
1196212
499963
1411637
494659
1368803
662912
757294
945944
1005323
107945
1239525
811843
371707
1099256
145111
241218
1444217
1027054
253976
449815
694785
510176
445942
523618
395205
238253
51232
414188
633922
1323286
222077
1088396
1231235
246561
504239
66404
647228
479976
980958
115671
328043
736467
601797
335558
290971
1461424
226752
817977
1209833
497596
189688
839767
179534
630550
504410
633859
1181250
901867
1221646
1022123
786135
403950
219899
1175399
1044060
1176666
535915
1372985
567606
153825
118118
537835
482025
561205
587169
247246
919699
77175
1392310
936596
162543
332964
307883
1433525
848244
495802
1377484
1384796
531874
570197
1216972
125790
1238236
1092049
809346
1226165
473665
730635
43150
1034443
205037
550490
634520
635203
874849
822294
598750
907284
999121
927896
337244
803636
1196784
1133310
299931
1063146
1108544
373856
648008
580500
186623
1455378
671374
757065
9442
828346
660923
301637
491845
1205048
1449602
1171134
1364142
445292
537049
446252
519304
499061
856334
670524
366594
501491
207540
703866
354430
128021
475935
414362
1116486
883621
331684
1158547
191249
448508
177408
1009062
586004
449239
1400292
129212
1416592
1452860
1325105
1462284
1296982
590260
1462275
456384
1222463
876492
1160453
530021
664571
95106
394996
943162
645642
503155
1106211
941272
1225732
366103
486313
374732
970708
383263
700425
508881
1459081
1395563
715803
562606
367259
1072385
1148491
978405
453568
156278
1294582
263310
490388
953780
211378
444019
197571
926419
885245
1455178
1242302
551169
362117
216662
379247
857631
868746
581776
1341204
261719
787583
1282151
37264
328824
364776
1174137
922953
329655
832979
674862
717081
503382
119598
362520
377706
659599
362481
858482
188117
951270
1338145
354321
244182
1276491
645063
884861
1457782
486570
551099
750870
1007938
1153191
1446408
607795
213876
329695
529966
442641
664633
606404
957289
187173
1303847
349896
1459140
780290
1022423
1274739
544102
1342596
832071
759301
783950
358492
467989
943959
226294
217710
162731
814287
194613
205696
968222
523535
668122
1153339
804741
500229
667440
253656
645550
1307882
1409227
625178
1372111
1023622
361828
644398
177755
1147148
521595
674419
1130882
538473
181395
1070364
1223033
433070
286344
1154402
454364
602096
1250285
1018715
1021078
556831
173314
229233
312732
429614
351196
443921
72559
492396
1332133
627252
880299
788568
1268938
1065407
734127
296948
961878
1125327
315629
631208
220833
203482
1389360
685268
500640
1364409
747827
340975
335539
184682
385626
702714
622666
269733
270140
823534
578141
599565
994752
1250299
349957
260940
184103
462449
227296
496300
203560
104974
330675
373214
1331074
547461
226657
452414
1360089
715210
226940
549077
286085
195872
822741
509266
1350526
558475
582322
449491
442656
210859
181132
669707
1301072
682834
1278700
368971
904860
461134
549221
776278
1404410
651898
1361793
778065
1216088
1070167
501855
67465
227581
1180640
595561
803988
520715
371513
381923
482839
572752
375023
999777
555739
1380384
382653
471277
166133
352425
1453823
402242
574789
336487
935048
629833
708556
155389
610839
615114
496992
1096768
397716
641131
423961
666806
1024758
378053
303266
578279
196100
460023
491060
489981
1462725
530892
1416352
1439528
1451277
168753
1189124
557078
704143
138442
385723
1067818
287373
558230
1445735
86934
243293
536251
880239
92597
1235227
1400197
1019128
413963
1315283
361527
1217921
1184939
177428
531605
349496
356736
1431985
969380
483447
673875
718238
355386
704271
943956
590178
688161
509625
810092
31439
177877
605655
1423075
1462190
454715
326079
611210
509383
792358
694965
441277
597569
185693
